0 0.01 5.21674e-22
0 0.02 1.39694e-21
0 0.03 3.70353e-21
0 0.04 9.72099e-21
0 0.05 2.52616e-20
0 0.06 6.49935e-20
0 0.07 1.65552e-19
0 0.08 4.17501e-19
0 0.09 1.04241e-18
0 0.1 2.57676e-18
0 0.11 6.30619e-18
0 0.12 1.52798e-17
0 0.13 3.66543e-17
0 0.14 8.70543e-17
0 0.15 2.04697e-16
0 0.16 4.7653e-16
0 0.17 1.09831e-15
0 0.18 2.50622e-15
0 0.19 5.662e-15
0 0.2 1.26642e-14
0 0.21 2.8044e-14
0 0.22 6.1484e-14
0 0.23 1.33457e-13
0 0.24 2.86798e-13
0 0.25 6.10194e-13
0 0.26 1.28534e-12
0 0.27 2.68055e-12
0 0.28 5.53461e-12
0 0.29 1.13138e-11
0 0.3 2.28973e-11
0 0.31 4.58796e-11
0 0.32 9.10147e-11
0 0.33 1.78756e-10
0 0.34 3.47589e-10
0 0.35 6.69159e-10
0 0.36 1.27541e-09
0 0.37 2.40672e-09
0 0.38 4.49635e-09
0 0.39 8.3167e-09
0 0.4 1.523e-08
0 0.41 2.76124e-08
0 0.42 4.95641e-08
0 0.43 8.80818e-08
0 0.44 1.54975e-07
0 0.45 2.69958e-07
0 0.46 4.65572e-07
0 0.47 7.94939e-07
0 0.48 1.34381e-06
0 0.49 2.24906e-06
0 0.5 3.72665e-06
0 0.51 6.11357e-06
0 0.52 9.9295e-06
0 0.53 1.59668e-05
0 0.54 2.54193e-05
0 0.55 4.00653e-05
0 0.56 6.25215e-05
0 0.57 9.65934e-05
0 0.58 0.000147748
0 0.59 0.000223746
0 0.6 0.000335463
0 0.61 0.000497955
0 0.62 0.000731802
0 0.63 0.00106477
0 0.64 0.00153381
0 0.65 0.00218749
0 0.66 0.00308872
0 0.67 0.00431784
0 0.68 0.00597602
0 0.69 0.0081887
0 0.7 0.011109
0 0.71 0.0149208
0 0.72 0.0198411
0 0.73 0.0261214
0 0.74 0.0340475
0 0.75 0.0439369
0 0.76 0.0561348
0 0.77 0.0710054
0 0.78 0.0889216
0 0.79 0.110251
0 0.8 0.135335
0 0.81 0.164474
0 0.82 0.197899
0 0.83 0.235746
0 0.84 0.278037
0 0.85 0.324652
0 0.86 0.375311
0 0.87 0.429557
0 0.88 0.486752
0 0.89 0.546074
0 0.9 0.606531
0 0.91 0.666977
0 0.92 0.726149
0 0.93 0.782705
0 0.94 0.83527
0 0.95 0.882497
0 0.96 0.923116
0 0.97 0.955997
0 0.98 0.980199
0 0.99 0.995012
0 1 1
0 1.01 0.995012
0 1.02 0.980199
0 1.03 0.955997
0 1.04 0.923116
0 1.05 0.882497
0 1.06 0.83527
0 1.07 0.782705
0 1.08 0.726149
0 1.09 0.666977
0 1.1 0.606531
0 1.11 0.546074
0 1.12 0.486752
0 1.13 0.429557
0 1.14 0.375311
0 1.15 0.324652
0 1.16 0.278037
0 1.17 0.235746
0 1.18 0.197899
0 1.19 0.164474
0 1.2 0.135335
0 1.21 0.110251
0 1.22 0.0889216
0 1.23 0.0710054
0 1.24 0.0561348
0 1.25 0.0439369
0 1.26 0.0340475
0 1.27 0.0261214
0 1.28 0.0198411
0 1.29 0.0149208
0 1.3 0.011109
0 1.31 0.0081887
0 1.32 0.00597602
0 1.33 0.00431784
0 1.34 0.00308872
0 1.35 0.00218749
0 1.36 0.00153381
0 1.37 0.00106477
0 1.38 0.000731802
0 1.39 0.000497955
0 1.4 0.000335463
0 1.41 0.000223746
0 1.42 0.000147748
0 1.43 9.65934e-05
0 1.44 6.25215e-05
0 1.45 4.00653e-05
0 1.46 2.54193e-05
0 1.47 1.59668e-05
0 1.48 9.9295e-06
0 1.49 6.11357e-06
0 1.5 3.72665e-06
0 1.51 2.24906e-06
0 1.52 1.34381e-06
0 1.53 7.94939e-07
0 1.54 4.65572e-07
0 1.55 2.69958e-07
0 1.56 1.54975e-07
0 1.57 8.80818e-08
0 1.58 4.95641e-08
0 1.59 2.76124e-08
0 1.6 1.523e-08
0 1.61 8.3167e-09
0 1.62 4.49635e-09
0 1.63 2.40672e-09
0 1.64 1.27541e-09
0 1.65 6.69159e-10
0 1.66 3.47589e-10
0 1.67 1.78756e-10
0 1.68 9.10147e-11
0 1.69 4.58796e-11
0 1.7 2.28973e-11
0 1.71 1.13138e-11
0 1.72 5.53461e-12
0 1.73 2.68055e-12
0 1.74 1.28534e-12
0 1.75 6.10194e-13
0 1.76 2.86798e-13
0 1.77 1.33457e-13
0 1.78 6.1484e-14
0 1.79 2.8044e-14
0 1.8 1.26642e-14
0 1.81 5.662e-15
0 1.82 2.50622e-15
0 1.83 1.09831e-15
0 1.84 4.7653e-16
0 1.85 2.04697e-16
0 1.86 8.70543e-17
0 1.87 3.66543e-17
0 1.88 1.52798e-17
0 1.89 6.30619e-18
0 1.9 2.57676e-18
0 1.91 1.04241e-18
0 1.92 4.17501e-19
0 1.93 1.65552e-19
0 1.94 6.49935e-20
0 1.95 2.52616e-20
0 1.96 9.72099e-21
0 1.97 3.70353e-21
0 1.98 1.39694e-21
0 1.99 5.21674e-22
1 0 0
1 0.01 9.56847e-07
1 0.02 1.9661e-06
1 0.03 3.08248e-06
1 0.04 4.36539e-06
1 0.05 5.88146e-06
1 0.06 7.7073e-06
1 0.07 9.93256e-06
1 0.08 1.26634e-05
1 0.09 1.60264e-05
1 0.1 2.01731e-05
1 0.11 2.52852e-05
1 0.12 3.15806e-05
1 0.13 3.93203e-05
1 0.14 4.88163e-05
1 0.15 6.04411e-05
1 0.16 7.46379e-05
1 0.17 9.19326e-05
1 0.18 0.000112948
1 0.19 0.000138418
1 0.2 0.000169208
1 0.21 0.000206332
1 0.22 0.000250973
1 0.23 0.000304514
1 0.24 0.000368558
1 0.25 0.000444964
1 0.26 0.000535875
1 0.27 0.000643756
1 0.28 0.000771434
1 0.29 0.000922139
1 0.3 0.00109954
1 0.31 0.00130782
1 0.32 0.00155169
1 0.33 0.00183644
1 0.34 0.00216806
1 0.35 0.00255319
1 0.36 0.00299925
1 0.37 0.00351449
1 0.38 0.00410799
1 0.39 0.00478978
1 0.4 0.00557082
1 0.41 0.0064631
1 0.42 0.00747964
1 0.43 0.00863453
1 0.44 0.00994292
1 0.45 0.0114211
1 0.46 0.0130863
1 0.47 0.014957
1 0.48 0.0170526
1 0.49 0.0193933
1 0.5 0.0220004
1 0.51 0.0248959
1 0.52 0.0281022
1 0.53 0.0316424
1 0.54 0.0355399
1 0.55 0.039818
1 0.56 0.0444999
1 0.57 0.0496083
1 0.58 0.0551653
1 0.59 0.061192
1 0.6 0.0677078
1 0.61 0.0747307
1 0.62 0.0822764
1 0.63 0.0903582
1 0.64 0.0989864
1 0.65 0.108168
1 0.66 0.117907
1 0.67 0.128202
1 0.68 0.139048
1 0.69 0.150435
1 0.7 0.162349
1 0.71 0.17477
1 0.72 0.187672
1 0.73 0.201023
1 0.74 0.214787
1 0.75 0.228921
1 0.76 0.243376
1 0.77 0.258098
1 0.78 0.273028
1 0.79 0.2881
1 0.8 0.303246
1 0.81 0.318392
1 0.82 0.33346
1 0.83 0.348369
1 0.84 0.363037
1 0.85 0.377378
1 0.86 0.391306
1 0.87 0.404736
1 0.88 0.417581
1 0.89 0.429759
1 0.9 0.441187
1 0.91 0.451789
1 0.92 0.461491
1 0.93 0.470224
1 0.94 0.477927
1 0.95 0.484543
1 0.96 0.490024
1 0.97 0.49433
1 0.98 0.497429
1 0.99 0.499298
1 1 0.499922
1 1.01 0.499298
1 1.02 0.497429
1 1.03 0.49433
1 1.04 0.490024
1 1.05 0.484543
1 1.06 0.477927
1 1.07 0.470224
1 1.08 0.461491
1 1.09 0.451789
1 1.1 0.441187
1 1.11 0.429759
1 1.12 0.417581
1 1.13 0.404736
1 1.14 0.391306
1 1.15 0.377378
1 1.16 0.363037
1 1.17 0.348369
1 1.18 0.33346
1 1.19 0.318392
1 1.2 0.303246
1 1.21 0.2881
1 1.22 0.273028
1 1.23 0.258098
1 1.24 0.243376
1 1.25 0.228921
1 1.26 0.214787
1 1.27 0.201023
1 1.28 0.187672
1 1.29 0.17477
1 1.3 0.162349
1 1.31 0.150435
1 1.32 0.139048
1 1.33 0.128202
1 1.34 0.117907
1 1.35 0.108168
1 1.36 0.0989864
1 1.37 0.0903582
1 1.38 0.0822764
1 1.39 0.0747307
1 1.4 0.0677078
1 1.41 0.061192
1 1.42 0.0551653
1 1.43 0.0496083
1 1.44 0.0444999
1 1.45 0.039818
1 1.46 0.0355399
1 1.47 0.0316424
1 1.48 0.0281022
1 1.49 0.0248959
1 1.5 0.0220004
1 1.51 0.0193933
1 1.52 0.0170526
1 1.53 0.014957
1 1.54 0.0130863
1 1.55 0.0114211
1 1.56 0.00994292
1 1.57 0.00863453
1 1.58 0.00747964
1 1.59 0.0064631
1 1.6 0.00557082
1 1.61 0.00478978
1 1.62 0.00410799
1 1.63 0.00351449
1 1.64 0.00299925
1 1.65 0.00255319
1 1.66 0.00216806
1 1.67 0.00183644
1 1.68 0.00155169
1 1.69 0.00130782
1 1.7 0.00109954
1 1.71 0.000922139
1 1.72 0.000771434
1 1.73 0.000643756
1 1.74 0.000535875
1 1.75 0.000444964
1 1.76 0.000368558
1 1.77 0.000304514
1 1.78 0.000250973
1 1.79 0.000206332
1 1.8 0.000169208
1 1.81 0.000138418
1 1.82 0.000112948
1 1.83 9.19326e-05
1 1.84 7.46379e-05
1 1.85 6.04411e-05
1 1.86 4.88163e-05
1 1.87 3.93203e-05
1 1.88 3.15806e-05
1 1.89 2.52852e-05
1 1.9 2.01731e-05
1 1.91 1.60264e-05
1 1.92 1.26634e-05
1 1.93 9.93256e-06
1 1.94 7.7073e-06
1 1.95 5.88146e-06
1 1.96 4.36539e-06
1 1.97 3.08248e-06
1 1.98 1.9661e-06
1 1.99 9.56847e-07
1 2 0
